55.84
50.64
29.42
49.66
63.98
38.46
45.64
41.60
47.13
50.13
31.99
32.80
43.74
49.12
62.83
62.52
41.96
33.83
46.81
41.12
35.37
25.79
40.78
25.81
32.14
25.15
63.55
42.02
30.12
26.46
60.97
63.35
35.97
30.25
39.82
36.61
28.19
51.16
54.78
55.98
49.58
32.60
51.63
54.46
61.89
51.51
27.57
61.17
63.44
62.27
39.76
48.32
48.46
32.88
64.24
28.20
45.14
62.87
52.21
53.13
27.93
33.79
41.21
41.88
40.87
49.75
48.07
56.65
43.26
56.62
50.79
62.90
30.39
29.74
54.86
48.81
33.09
57.75
46.29
54.76
44.15
55.73
38.98
32.58
31.89
47.11
59.53
27.04
36.46
58.62
58.43
31.36
28.04
33.89
47.24
39.28
64.55
54.87
36.85
35.93
